One-diml
[3|2|3|3|2|1]
[2|3|3|3|2|1]
[1|2|3|3|2|3]
[1|2|3|3|3|2]


Two-diml
[3|3|2|1|3|2]+[3|3|2|3|1|2]
[2|1|3|2|3|3]+[2|3|1|2|3|3]
[1|3|2|3|3|2]+[3|1|2|3|3|2]
[3|2|1|3|2|3]+[3|2|3|1|2|3]
[2|3|3|2|1|3]+[2|3|3|2|3|1]

Three-diml
[2|1|3|3|2|3]+[2|3|1|3|2|3]+[2|3|3|1|2|3]
[3|2|1|3|3|2]+[3|2|3|1|3|2]+[3|2|3|3|1|2]

Four-diml
[2|1|3|3|3|2]+[2|3|1|3|3|2]+[2|3|3|1|3|2]+[2|3|3|3|1|2]
(q+q^-1)[1|2|2|3|3|3]+[1|2|3|2|3|3]+[2|1|2|3|3|3]
[3|3|2|3|2|1]+[3|3|3|2|1|2]+(q+q^-1)[3|3|3|2|2|1]

Eight diml
[3|2|3|2|1|3]+[3|2|3|2|3|1]+[3|3|2|1|2|3]+(q+q^-1)[3|3|2|2|1|3]+(q+q^-1)[3|3|2|2|3|1]+[3|3|2|3|2|1]

[1|2|3|2|3|3]+(q+q^-1)[1|3|2|2|3|3]+[1|3|2|3|2|3]+(q+q^-1)[3|1|2|2|3|3]+[3|1|2|3|2|3]+[3|2|1|2|3|3]

Twelve diml
[2|3|2|1|3|3]+[2|3|2|3|1|3]+[2|3|2|3|3|1]+[3|2|1|2|3|3]+(q+q^-1)[3|2|2|1|3|3]+(q+q^-1)[3|2|2|3|1|3]+(q+q^-1)[3|2|2|3|3|1]+[3|2|3|2|1|3]+[3|2|3|2|3|1]
[2|1|2|3|3|3]+(q+q^-1)[2|2|1|3|3|3]+(q+q^-1)[2|2|3|1|3|3]+(q+q^-1)[2|2|3|3|1|3]+(q+q^-1)[2|2|3|3|3|1]+[2|3|2|1|3|3]+[2|3|2|3|1|3]+[2|3|2|3|3|1]
[1|3|3|2|3|2]+(q+q^-1)[1|3|3|3|2|2]+[3|1|3|2|3|2]+(q+q^-1)[3|1|3|3|2|2]+[3|3|1|2|3|2]+(q+q^-1)[3|3|1|3|2|2]+(q+q^-1)[3|3|3|1|2|2]+[3|3|3|2|1|2]
[1|3|2|3|2|3]+(q+q^-1)[1|3|3|2|2|3]+[1|3|3|2|3|2]+[3|1|2|3|2|3]+(q+q^-1)[3|1|3|2|2|3]+[3|1|3|2|3|2]+(q+q^-1)[3|3|1|2|2|3]+[3|3|1|2|3|2]+[3|3|2|1|2|3]

##########################################################
Just with degree zero terms
##########################################################

One-diml
123323 [3|2|3|3|2|1]
123332 [2|3|3|3|2|1]
323321 [1|2|3|3|2|3]
233321 [1|2|3|3|3|2]

Two-diml
213233 [3|3|2|1|3|2]+[3|3|2|3|1|2]
332132 [2|1|3|2|3|3]+[2|3|1|2|3|3]
233213 [1|3|2|3|3|2]+[3|1|2|3|3|2]
321323 [3|2|1|3|2|3]+[3|2|3|1|2|3]
132332 [2|3|3|2|1|3]+[2|3|3|2|3|1]

Three-diml
321332 [2|1|3|3|2|3]+[2|3|1|3|2|3]+[2|3|3|1|2|3]
213323 [3|2|1|3|3|2]+[3|2|3|1|3|2]+[3|2|3|3|1|2]

Four-diml
231332 [2|1|3|3|3|2]+[2|3|1|3|3|2]+[2|3|3|1|3|2]+[2|3|3|3|1|2]
332321 [1|2|3|2|3|3]+[2|1|2|3|3|3]
123233 [3|3|2|3|2|1]+[3|3|3|2|1|2]

Eight diml
123233 [3|2|3|2|1|3]+[3|2|3|2|3|1]+[3|3|2|1|2|3]+[3|3|2|3|2|1]
323213 [1|2|3|2|3|3]+[1|3|2|3|2|3]+[3|1|2|3|2|3]+[3|2|1|2|3|3]

Twelve diml
132323 [2|3|2|1|3|3]+[2|3|2|3|1|3]+[2|3|2|3|3|1]+[3|2|1|2|3|3]+[3|2|3|2|1|3]+[3|2|3|2|3|1]
133232 [2|1|2|3|3|3]+[2|3|2|1|3|3]+[2|3|2|3|1|3]+[2|3|2|3|3|1]
212333 [1|3|3|2|3|2]+[3|1|3|2|3|2]+[3|3|1|2|3|2]+[3|3|3|2|1|2]
232133 [1|3|2|3|2|3]+[1|3|3|2|3|2]+[3|1|2|3|2|3]+[3|1|3|2|3|2]+[3|3|1|2|3|2]+[3|3|2|1|2|3]

